emotion1,агрессия,безмятежность,восторг,восхищение,гнев,горе,грусть,доверие,досада,злость,изумление,интерес,любовь,настороженность,неудовольствие,ожидание,оптимизм,отвращение,печаль,покорность,презрение,принятие,радость,разочарование,раскаяние,растерянность,скука,страх,тревога,трепет,удивление,ужас
агрессия,0.822,0.491,0.557,0.552,0.65,0.584,0.579,0.476,0.661,0.764,0.567,0.525,0.576,0.518,0.594,0.56,0.532,0.563,0.606,0.483,0.592,0.52,0.565,0.575,0.494,0.605,0.561,0.65,0.651,0.549,0.586,0.615
безмятежность,0.491,0.936,0.661,0.653,0.533,0.641,0.653,0.652,0.629,0.554,0.633,0.504,0.656,0.597,0.625,0.728,0.677,0.566,0.621,0.696,0.63,0.72,0.774,0.68,0.6,0.596,0.631,0.529,0.648,0.565,0.655,0.558
восторг,0.557,0.661,0.77,0.74,0.616,0.594,0.585,0.567,0.595,0.59,0.696,0.603,0.661,0.494,0.519,0.642,0.696,0.482,0.584,0.518,0.526,0.545,0.772,0.616,0.561,0.61,0.547,0.612,0.612,0.662,0.729,0.664
восхищение,0.552,0.653,0.74,0.793,0.584,0.667,0.599,0.656,0.616,0.594,0.768,0.59,0.674,0.608,0.615,0.71,0.583,0.554,0.607,0.608,0.628,0.613,0.717,0.708,0.667,0.643,0.532,0.549,0.668,0.641,0.834,0.612
гнев,0.65,0.533,0.616,0.584,0.687,0.603,0.575,0.523,0.673,0.77,0.574,0.573,0.596,0.541,0.655,0.61,0.622,0.526,0.588,0.565,0.619,0.565,0.567,0.634,0.556,0.588,0.535,0.635,0.648,0.644,0.604,0.641
горе,0.584,0.641,0.594,0.667,0.603,0.833,0.746,0.597,0.741,0.631,0.633,0.562,0.608,0.589,0.714,0.698,0.549,0.628,0.772,0.576,0.673,0.598,0.609,0.854,0.692,0.622,0.71,0.661,0.768,0.525,0.68,0.722
грусть,0.579,0.653,0.585,0.599,0.575,0.746,0.969,0.508,0.882,0.662,0.547,0.546,0.715,0.551,0.699,0.714,0.606,0.547,0.932,0.621,0.677,0.562,0.627,0.793,0.649,0.659,0.844,0.597,0.682,0.591,0.585,0.653
доверие,0.476,0.652,0.567,0.656,0.523,0.597,0.508,0.812,0.545,0.537,0.613,0.563,0.698,0.607,0.57,0.627,0.654,0.525,0.511,0.628,0.599,0.778,0.622,0.639,0.623,0.528,0.485,0.457,0.579,0.52,0.66,0.486
досада,0.661,0.629,0.595,0.616,0.673,0.741,0.882,0.545,0.965,0.792,0.571,0.575,0.7,0.61,0.815,0.734,0.637,0.645,0.861,0.627,0.746,0.611,0.635,0.836,0.67,0.732,0.812,0.618,0.741,0.658,0.629,0.648
злость,0.764,0.554,0.59,0.594,0.77,0.631,0.662,0.537,0.792,0.849,0.584,0.534,0.676,0.549,0.69,0.623,0.597,0.586,0.676,0.585,0.655,0.586,0.623,0.664,0.565,0.659,0.631,0.638,0.681,0.603,0.614,0.621
изумление,0.567,0.633,0.696,0.768,0.574,0.633,0.547,0.613,0.571,0.584,0.834,0.546,0.609,0.557,0.564,0.655,0.588,0.574,0.551,0.554,0.602,0.587,0.674,0.655,0.585,0.649,0.51,0.57,0.653,0.576,0.882,0.618
интерес,0.525,0.504,0.603,0.59,0.573,0.562,0.546,0.563,0.575,0.534,0.546,0.758,0.593,0.63,0.57,0.599,0.648,0.441,0.564,0.484,0.563,0.592,0.544,0.59,0.516,0.521,0.522,0.575,0.578,0.603,0.603,0.566
любовь,0.576,0.656,0.661,0.674,0.596,0.608,0.715,0.698,0.7,0.676,0.609,0.593,0.844,0.538,0.549,0.646,0.672,0.475,0.702,0.656,0.562,0.661,0.695,0.639,0.606,0.617,0.643,0.53,0.589,0.613,0.644,0.576
настороженность,0.518,0.597,0.494,0.608,0.541,0.589,0.551,0.607,0.61,0.549,0.557,0.63,0.538,0.899,0.714,0.731,0.544,0.586,0.545,0.626,0.677,0.672,0.537,0.667,0.608,0.615,0.504,0.561,0.732,0.702,0.632,0.551
неудовольствие,0.594,0.625,0.519,0.615,0.655,0.714,0.699,0.57,0.815,0.69,0.564,0.57,0.549,0.714,0.928,0.788,0.592,0.669,0.695,0.631,0.801,0.666,0.573,0.808,0.648,0.632,0.65,0.585,0.773,0.644,0.63,0.574
ожидание,0.56,0.728,0.642,0.71,0.61,0.698,0.714,0.627,0.734,0.623,0.655,0.599,0.646,0.731,0.788,0.906,0.642,0.586,0.692,0.639,0.716,0.654,0.691,0.777,0.636,0.682,0.67,0.608,0.8,0.752,0.711,0.619
оптимизм,0.532,0.677,0.696,0.583,0.622,0.549,0.606,0.654,0.637,0.597,0.588,0.648,0.672,0.544,0.592,0.642,0.912,0.498,0.574,0.577,0.568,0.659,0.697,0.601,0.507,0.563,0.576,0.562,0.59,0.639,0.604,0.587
отвращение,0.563,0.566,0.482,0.554,0.526,0.628,0.547,0.525,0.645,0.586,0.574,0.441,0.475,0.586,0.669,0.586,0.498,0.881,0.529,0.58,0.704,0.567,0.502,0.672,0.551,0.575,0.61,0.573,0.67,0.503,0.599,0.598
печаль,0.606,0.621,0.584,0.607,0.588,0.772,0.932,0.511,0.861,0.676,0.551,0.564,0.702,0.545,0.695,0.692,0.574,0.529,0.895,0.586,0.661,0.551,0.615,0.781,0.649,0.64,0.806,0.597,0.679,0.574,0.601,0.652
покорность,0.483,0.696,0.518,0.608,0.565,0.576,0.621,0.628,0.627,0.585,0.554,0.484,0.656,0.626,0.631,0.639,0.577,0.58,0.586,0.968,0.655,0.684,0.564,0.64,0.642,0.607,0.596,0.499,0.581,0.577,0.591,0.527
презрение,0.592,0.63,0.526,0.628,0.619,0.673,0.677,0.599,0.746,0.655,0.602,0.563,0.562,0.677,0.801,0.716,0.568,0.704,0.661,0.655,0.968,0.671,0.588,0.768,0.621,0.607,0.626,0.536,0.681,0.565,0.655,0.557
принятие,0.52,0.72,0.545,0.613,0.565,0.598,0.562,0.778,0.611,0.586,0.587,0.592,0.661,0.672,0.666,0.654,0.659,0.567,0.551,0.684,0.671,0.837,0.629,0.66,0.625,0.558,0.54,0.481,0.596,0.533,0.631,0.49
радость,0.565,0.774,0.772,0.717,0.567,0.609,0.627,0.622,0.635,0.623,0.674,0.544,0.695,0.537,0.573,0.691,0.697,0.502,0.615,0.564,0.588,0.629,0.816,0.647,0.578,0.657,0.59,0.536,0.624,0.61,0.713,0.574
разочарование,0.575,0.68,0.616,0.708,0.634,0.854,0.793,0.639,0.836,0.664,0.655,0.59,0.639,0.667,0.808,0.777,0.601,0.672,0.781,0.64,0.768,0.66,0.647,0.941,0.77,0.679,0.735,0.625,0.789,0.6,0.716,0.678
раскаяние,0.494,0.6,0.561,0.667,0.556,0.692,0.649,0.623,0.67,0.565,0.585,0.516,0.606,0.608,0.648,0.636,0.507,0.551,0.649,0.642,0.621,0.625,0.578,0.77,0.944,0.642,0.567,0.516,0.635,0.577,0.667,0.56
растерянность,0.605,0.596,0.61,0.643,0.588,0.622,0.659,0.528,0.732,0.659,0.649,0.521,0.617,0.615,0.632,0.682,0.563,0.575,0.64,0.607,0.607,0.558,0.657,0.679,0.642,0.908,0.586,0.586,0.674,0.725,0.72,0.613
скука,0.561,0.631,0.547,0.532,0.535,0.71,0.844,0.485,0.812,0.631,0.51,0.522,0.643,0.504,0.65,0.67,0.576,0.61,0.806,0.596,0.626,0.54,0.59,0.735,0.567,0.586,0.903,0.611,0.673,0.503,0.524,0.651
страх,0.65,0.529,0.612,0.549,0.635,0.661,0.597,0.457,0.618,0.638,0.57,0.575,0.53,0.561,0.585,0.608,0.562,0.573,0.597,0.499,0.536,0.481,0.536,0.625,0.516,0.586,0.611,0.776,0.772,0.609,0.578,0.781
тревога,0.651,0.648,0.612,0.668,0.648,0.768,0.682,0.579,0.741,0.681,0.653,0.578,0.589,0.732,0.773,0.8,0.59,0.67,0.679,0.581,0.681,0.596,0.624,0.789,0.635,0.674,0.673,0.772,0.916,0.698,0.693,0.765
трепет,0.549,0.565,0.662,0.641,0.644,0.525,0.591,0.52,0.658,0.603,0.576,0.603,0.613,0.702,0.644,0.752,0.639,0.503,0.574,0.577,0.565,0.533,0.61,0.6,0.577,0.725,0.503,0.609,0.698,0.955,0.645,0.624
удивление,0.586,0.655,0.729,0.834,0.604,0.68,0.585,0.66,0.629,0.614,0.882,0.603,0.644,0.632,0.63,0.711,0.604,0.599,0.601,0.591,0.655,0.631,0.713,0.716,0.667,0.72,0.524,0.578,0.693,0.645,0.898,0.648
ужас,0.615,0.558,0.664,0.612,0.641,0.722,0.653,0.486,0.648,0.621,0.618,0.566,0.576,0.551,0.574,0.619,0.587,0.598,0.652,0.527,0.557,0.49,0.574,0.678,0.56,0.613,0.651,0.781,0.765,0.624,0.648,0.807
